1380
1381
1382
1383
1400
1407
1408
1418
1439
1716
1717
1718
1723
1724
1728
1730
1736
1739
1758
1770
1782
1783
1787
1788
1789
1793
1795
1798
1799
1807
1841
1904
1905
1906
1981
1984
1992
1994
1997
2134
2136
2138
2144
2146
2152
2156
2162
2163
2164
2173
2176
2179
2180
2185
2186
2191
2195
2221
2224
2226
2228
2268
2293
2294
2300
2303
2304
2307
2311
2315
2321
2323
2329
2330
2332
2340
2341
2344
2349
2362
2373
2388
2391
2406
2408
2411
2415
2425
2435
2436
2437
2449
2454
2458
2469
2471
2479
2480
2481
2483
2484
2488
2493
2498
2653
2656
2666
2667
2669
2673
2693
2694
2700
2702
2703
2705
2706
2708
2714
2721
2722
2736
2743
2747
2750
2751
2752
2754
2761
2763
2769
2773
2776
2777
2778
2782
2789
2790
2795
2813
2814
2820
2876
2877
2901
2905
2916
2917
2927
3020
3024
3035
3042
3054
3058
3065
3068
3069
3070
3075
3077
3080
3083
3089
3094
3096
3131
3140
3150
3165
3171
3174
3177
3181
3189
3190
3192
3223
3236
3242
3264
3266
3275
3293
3297
3316
3317
3318
3322
3323
3326
3329
3344
3350
3352
3353
3356
3358
3370
3374
3375
3386
3390
3399
3417
3423
3424
3426
3437
3439
3441
3444
3464
3469
3515
3536
3537
3538
3560
3562
3625
3633
3641
3670
3677
3710
3711
3719
3733
3754
3758
3760
3766
3776
3777
3779
3791
3798
3800
3803
3804
3807
3814
3816
3836
3839
3841
3842
3845
3847
3848
3851
3854
3857
3858
3891
3892
3895
3901
3910
3933
3940
3948
3953
3954
3956
3965
3968
3974
3988
4080
4234
4235
4237
4239
4240
4241
4242
4243
4274
4287
4288
4293
4298
4304
4316
4317
4327
4334
4335
4336
4347
4348
4351
4355
4356
4365
4369
4556
4557
4558
4570
4572
4576
4579
4582
4595
4625
4627
4628
4629
4640
4644
4645
4650
4656
4657
4659
4664
4667
4669
4673
4685
4690
4699
4705
4707
4712
4720
4734
4736
4748
4752
4754
4760
4764
4765
4769
4771
4772
4777
4783
4784
4792
4793
4800
4814
4816
4833
4837
4838
4840
4847
4849
4875
4918
4920
4925
4965
4970
4972
4976
4978
5162
5199
5212
5216
5217
5277
5279
5280
5283
5284
5285
5380
5381
5387
5456
5484
5542
5695
5724
5742
5758
5820
5900
5903
5906
5935
5939
5945
5971
5983
5987
5990
5997
5999
6060
6061
6062
6063
6074
6145
6147
6149
6150
6156
6158
6159
6164
6175
6188
6239
6248
6249
6254
6256
6257
6265
6266
6267
6276
6281
6286
6297
6312
6314
6324
6327
6337
6347
6384
6400
6403
6405
6408
6411
6414
6416
6424
6425
6433
6467
6469
6484
6488
6494
6497
6518
6542
6543
6549
6625
6626
6628
6629
6633
6634
6635
6636
6637
6648
6658
6659
6662
6663
6664
6666
6669
6677
6694
6716
6722
6734
6736
6757
6769
6777
6787
6819
6822
6824
6834
6837
6838
6840
6852
6862
6863
6864
6867
6874
6888
6889
6890
6898
6904
6907
6912
6918
6919
6928
6930
6942
6943
6944
6957
6960
7162
7169
7175
7177
7185
7192
7217
7218
7219
7228
7229
7255
7264
7265
7268
7297
7298
7314
7399
7413
7422
7425
7426
7434
7435
7443
7446
7450
7461
7462
7464
7465
7472
7477
7486
7500
7501
7502
7509
7519
7521
7523
7531
7539
7551
7555
7559
7564
7567
7571
7577
7578
7585
7590
7597
7603
7610
7612
7614
7621
7623
7624
7634
7635
7636
7638
7643
7711
7713
7716
7722
7746
7748
7749
7760
7771
7774
7776
7777
7781
7810
7812
7814
7826
7827
7834
7836
7837
7841
7847
7849
7850
7855
7857
7863
7865
7869
7877
7878
7883
7886
7888
7889
7891
7895
7899
7901
7902
7922
7923
7927
7928
7932
7938
7939
7963
7980
7986
8045
8072
8119
8123
8147
8186
8191
8205
8208
8215
8225
8256
8257
8298
8462
8699
8700
8704
8705
8709
8739
8740
8746
8747
8783
8787
8836
8844
8885
8886
8887
8889
8890
8893
8898
8903
8908
8909
8927
8931
8938
8946
9012
9034
9036
9051
9057
9060
9073
9087
9133
9176
9367
9376
9377
9385
9408
9417
9421
9423
9425
9436
9439
9441
9444
9446
9476
9478
9610
9625
9639
9640
9641
9647
9651
9679
9685
9687
9691
9695
9696
9698
9707
9720
9733
9734
9753
9758
9776
9778
9780
9782
9812
9816
9820
9823
9827
9829
9836
9849
9852
9853
9867
9876
9888
9890
9895
9903
9906
9908
9909
9913
9914
9927
9941
9943
9950
9955
9964
9973
9976
9977
9978
9992
9996
